{"cities": ["\u0422\u043e\u043a\u0438\u043e \u2014 \u0418\u043e\u043a\u043e\u0433\u0430\u043c\u0430", "\u0414\u0436\u0430\u043a\u0430\u0440\u0442\u0430", "\u0414\u0435\u043b\u0438", "\u0413\u0443\u0430\u043d\u0447\u0436\u043e\u0443", "\u041c\u0443\u043c\u0431\u0430\u0438", "\u041c\u0430\u043d\u0438\u043b\u0430", "\u0428\u0430\u043d\u0445\u0430\u0439", "\u0421\u0435\u0443\u043b", "\u041a\u0430\u0438\u0440", "\u041c\u0435\u0445\u0438\u043a\u043e", "\u041a\u0430\u043b\u044c\u043a\u0443\u0442\u0442\u0430", "\u0421\u0430\u043d-\u041f\u0430\u0443\u043b\u0443", "\u041d\u044c\u044e-\u0419\u043e\u0440\u043a", "\u041a\u0430\u0440\u0430\u0447\u0438", "\u0414\u0430\u043a\u043a\u0430", "\u0411\u0430\u043d\u0433\u043a\u043e\u043a", "\u041f\u0435\u043a\u0438\u043d", "\u041c\u043e\u0441\u043a\u0432\u0430", "\u0428\u044d\u043d\u044c\u0447\u0436\u044d\u043d\u044c", "\u0411\u0443\u044d\u043d\u043e\u0441-\u0410\u0439\u0440\u0435\u0441", "\u041b\u043e\u0441-\u0410\u043d\u0434\u0436\u0435\u043b\u0435\u0441"], "distances": [[0.0, 5746.379805412986, 5844.152285804301, 2886.5374880533245, 6733.367882260602, 2968.6917056387197, 1746.266142352602, 1149.026462858994, 9585.718685509177, 11345.178104040888, 5128.824834811498, 18554.286897754733, 10896.46035068515, 6933.735024128282, 4883.897706901546, 4586.300309035108, 2096.304408710154, 7514.326630829721, 2857.0313085165594, 18383.69624830407, 8855.847853574905], [5746.379805412986, 0.0, 4994.337005066784, 3316.5136861200526, 4652.166674071528, 2777.6946378422017, 4423.034684889621, 5274.923087787673, 8982.785149616231, 16858.978539744272, 3762.7942636591974, 15643.400704602476, 16177.22104038644, 5511.287161876865, 3762.959228282425, 2312.2900034804547, 5226.910075087702, 9294.027401883155, 3273.1018093666075, 15233.774347830338, 14458.239964030907], [5844.152285804301, 4994.337005066784, 0.0, 3653.6732176744704, 1156.9315768238391, 4763.95322484798, 4258.5416322147785, 4698.364329920016, 4433.8700689362195, 14671.737782568449, 1308.1441565540094, 14429.53774666689, 11774.312020432115, 1092.3867770947338, 1425.5610130019904, 2918.656009080632, 3793.0331495676573, 4336.813847096395, 3751.1884380717947, 15796.638289709137, 12880.315626570615], [2886.5374880533245, 3316.5136861200526, 3653.6732176744704, 0.0, 4214.302778994679, 1246.4806159159023, 1210.6200765361912, 2068.9205717571467, 8032.431503128454, 14136.99482145357, 2552.77594305722, 17977.02029330393, 12896.670991137249, 4686.445103065535, 2335.470643594148, 1699.9628510259788, 1914.8532060271323, 7022.767318465025, 104.25426630357136, 18503.56813942244, 11665.216020336424], [6733.367882260602, 4652.166674071528, 1156.9315768238391, 4214.302778994679, 0.0, 5141.23888777848, 5048.3673568161585, 5612.419280683069, 4363.688429494255, 15667.195970896926, 1665.0715902275122, 13772.930311338036, 12564.60785551441, 885.2425240749183, 1895.3129740900629, 3008.131007941964, 4768.460103776962, 5024.952899006488, 4298.212230061831, 14934.907007524498, 14020.407274680181], [2968.6917056387197, 2777.6946378422017, 4763.95322484798, 1246.4806159159023, 5141.23888777848, 0.0, 1843.5990941913678, 2613.881818539466, 9190.55360175112, 14237.081916913789, 3545.9264691996, 18386.173270555057, 13690.541487289427, 5733.683761580893, 3365.474595348995, 2212.7909861904604, 2871.671215979838, 8266.280086278706, 1143.8322575685108, 17784.861869865905, 11760.44896925652], [1746.266142352602, 4423.034684889621, 4258.5416322147785, 1210.6200765361912, 5048.3673568161585, 1843.5990941913678, 0.0, 865.8799989299561, 8370.826349366154, 12926.649956794776, 3411.262839511468, 18570.438211457174, 11881.742399749322, 5347.499611889833, 3168.978507044038, 2888.481890835782, 1093.8660065924696, 6835.368545274814, 1211.2937835573066, 19628.448308084673, 10455.097330393071], [1149.026462858994, 5274.923087787673, 4698.364329920016, 2068.9205717571467, 5612.419280683069, 2613.881818539466, 865.8799989299561, 0.0, 8503.345514908899, 12070.240971496563, 4040.858448356214, 18337.930813275976, 11077.359437769173, 5786.62792745215, 3795.0681083536106, 3719.474236254655, 961.3146037401758, 6628.6790607375015, 2075.2922509819064, 19431.562211198605, 9606.59687103942], [9585.718685509177, 8982.785149616231, 4433.8700689362195, 8032.431503128454, 4363.688429494255, 9190.55360175112, 8370.826349366154, 8503.345514908899, 0.0, 12386.873713085357, 5707.360059522187, 10211.963197426598, 9041.00216802441, 3569.427030762963, 5854.142957306271, 7277.382721434986, 7548.922913872359, 2886.3235717818884, 8134.193053707392, 11808.5608783913, 12222.365954877261], [11345.178104040888, 16858.978539744272, 14671.737782568449, 14136.99482145357, 15667.195970896926, 14237.081916913789, 12926.649956794776, 12070.240971496563, 12386.873713085357, 0.0, 15287.131315976076, 7421.894175332996, 3357.6853948292296, 14882.544217740882, 15116.077425009462, 15757.728351588552, 12451.012298038893, 10747.014179894883, 14134.955565496704, 7370.315910351544, 2489.3552349227907], [5128.824834811498, 3762.7942636591974, 1308.1441565540094, 2552.77594305722, 1665.0715902275122, 3545.9264691996, 3411.262839511468, 4040.858448356214, 5707.360059522187, 15287.131315976076, 0.0, 15437.93216809225, 12765.815061377227, 2188.840175270991, 245.7951552676876, 1610.9913406062224, 3282.5975688514454, 5531.380071211566, 2639.0445102857225, 16534.70417551523, 13137.61933776965], [18554.286897754733, 15643.400704602476, 14429.53774666689, 17977.02029330393, 13772.930311338036, 18386.173270555057, 18570.438211457174, 18337.930813275976, 10211.963197426598, 7421.894175332996, 15437.93216809225, 0.0, 7657.8361270202695, 13359.479847075676, 15664.201839811858, 16407.225957527116, 17577.963485649976, 11786.175989744335, 18051.29914000713, 1677.9745555945642, 9894.962356435446], [10896.46035068515, 16177.22104038644, 11774.312020432115, 12896.670991137249, 12564.60785551441, 13690.541487289427, 11881.742399749322, 11077.359437769173, 9041.00216802441, 3357.6853948292296, 12765.815061377227, 7657.8361270202695, 0.0, 11707.716941191511, 12686.818224546132, 13947.85181385583, 10982.952420309026, 7540.0096115974275, 12951.951387186653, 8492.083709997598, 3944.275348966509], [6933.735024128282, 5511.287161876865, 1092.3867770947338, 4686.445103065535, 885.2425240749183, 5733.683761580893, 5347.499611889833, 5786.62792745215, 3569.427030762963, 14882.544217740882, 2188.840175270991, 13359.479847075676, 11707.716941191511, 0.0, 2372.2384655177516, 3713.983112181073, 4871.698397687582, 4171.188017092738, 4780.117837749633, 14704.275824028995, 13460.840171966754], [4883.897706901546, 3762.959228282425, 1425.5610130019904, 2335.470643594148, 1895.3129740900629, 3365.474595348995, 3168.978507044038, 3795.0681083536106, 5854.142957306271, 15116.077425009462, 245.7951552676876, 15664.201839811858, 12686.818224546132, 2372.2384655177516, 0.0, 1535.9593741196743, 3040.9549386587237, 5544.8346184044485, 2424.4736059319844, 16780.18866051636, 12929.278350469294], [4586.300309035108, 2312.2900034804547, 2918.656009080632, 1699.9628510259788, 3008.131007941964, 2212.7909861904604, 2888.481890835782, 3719.474236254655, 7277.382721434986, 15757.728351588552, 1610.9913406062224, 16407.225957527116, 13947.85181385583, 3713.983112181073, 1535.9593741196743, 0.0, 3316.335741446346, 7063.084572365872, 1732.0160676801243, 16880.384895448205, 13320.52648515761], [2096.304408710154, 5226.910075087702, 3793.0331495676573, 1914.8532060271323, 4768.460103776962, 2871.671215979838, 1093.8660065924696, 961.3146037401758, 7548.922913872359, 12451.012298038893, 3282.5975688514454, 17577.963485649976, 10982.952420309026, 4871.698397687582, 3040.9549386587237, 3316.335741446346, 0.0, 5791.855939099688, 1969.1915181085756, 19242.7610829356, 10060.094945094896], [7514.326630829721, 9294.027401883155, 4336.813847096395, 7022.767318465025, 5024.952899006488, 8266.280086278706, 6835.368545274814, 6628.6790607375015, 2886.3235717818884, 10747.014179894883, 5531.380071211566, 11786.175989744335, 7540.0096115974275, 4171.188017092738, 5544.8346184044485, 7063.084572365872, 5791.855939099688, 0.0, 7124.050000819709, 13458.430995890434, 9805.99731004181], [2857.0313085165594, 3273.1018093666075, 3751.1884380717947, 104.25426630357136, 4298.212230061831, 1143.8322575685108, 1211.2937835573066, 2075.2922509819064, 8134.193053707392, 14134.955565496704, 2639.0445102857225, 18051.29914000713, 12951.951387186653, 4780.117837749633, 2424.4736059319844, 1732.0160676801243, 1969.1915181085756, 7124.050000819709, 0.0, 18484.65103924728, 11658.177348254841], [18383.69624830407, 15233.774347830338, 15796.638289709137, 18503.56813942244, 14934.907007524498, 17784.861869865905, 19628.448308084673, 19431.562211198605, 11808.5608783913, 7370.315910351544, 16534.70417551523, 1677.9745555945642, 8492.083709997598, 14704.275824028995, 16780.18866051636, 16880.384895448205, 19242.7610829356, 13458.430995890434, 18484.65103924728, 0.0, 9828.890629874648], [8855.847853574905, 14458.239964030907, 12880.315626570615, 11665.216020336424, 14020.407274680181, 11760.44896925652, 10455.097330393071, 9606.59687103942, 12222.365954877261, 2489.3552349227907, 13137.61933776965, 9894.962356435446, 3944.275348966509, 13460.840171966754, 12929.278350469294, 13320.52648515761, 10060.094945094896, 9805.99731004181, 11658.177348254841, 9828.890629874648, 0.0]]}