{"cities": ["\u041c\u043e\u0441\u043a\u0432\u0430", "\u0421\u0442\u0430\u043c\u0431\u0443\u043b", "\u041b\u043e\u043d\u0434\u043e\u043d", "\u0421\u0430\u043d\u043a\u0442-\u041f\u0435\u0442\u0435\u0440\u0431\u0443\u0440\u0433", "\u0411\u0435\u0440\u043b\u0438\u043d", "\u041c\u0430\u0434\u0440\u0438\u0434", "\u041a\u0438\u0435\u0432", "\u0420\u0438\u043c", "\u041f\u0430\u0440\u0438\u0436", "\u041c\u0438\u043d\u0441\u043a", "\u0412\u0435\u043d\u0430", "\u0413\u0430\u043c\u0431\u0443\u0440\u0433", "\u0411\u0443\u0445\u0430\u0440\u0435\u0441\u0442", "\u0412\u0430\u0440\u0448\u0430\u0432\u0430", "\u0411\u0443\u0434\u0430\u043f\u0435\u0448\u0442", "\u0411\u0430\u0440\u0441\u0435\u043b\u043e\u043d\u0430", "\u041c\u044e\u043d\u0445\u0435\u043d", "\u0425\u0430\u0440\u044c\u043a\u043e\u0432", "\u0411\u0435\u043b\u0433\u0440\u0430\u0434", "\u041c\u0438\u043b\u0430\u043d", "\u041a\u0430\u0437\u0430\u043d\u044c", "\u041f\u0440\u0430\u0433\u0430", "\u0421\u043e\u0444\u0438\u044f", "\u041d\u0438\u0436\u043d\u0438\u0439 \u041d\u043e\u0432\u0433\u043e\u0440\u043e\u0434", "\u0423\u0444\u0430", "\u0421\u0430\u043c\u0430\u0440\u0430", "\u0411\u0438\u0440\u043c\u0438\u043d\u0433\u0435\u043c", "\u0420\u043e\u0441\u0442\u043e\u0432-\u043d\u0430-\u0414\u043e\u043d\u0443", "\u041a\u0440\u0430\u0441\u043d\u043e\u0434\u0430\u0440", "\u041a\u0451\u043b\u044c\u043d", "\u0412\u043e\u0440\u043e\u043d\u0435\u0436", "\u041f\u0435\u0440\u043c\u044c", "\u0412\u043e\u043b\u0433\u043e\u0433\u0440\u0430\u0434", "\u041e\u0434\u0435\u0441\u0441\u0430"], "distances": [[0.0, 1734.4686576729282, 2511.0861142500135, 646.4615580508871, 1613.435601611692, 3444.31232702701, 745.8408046261106, 2373.3291984720317, 2492.6618643594356, 673.7192481044947, 1668.2013083093896, 1787.4421529839692, 1488.492418212528, 1150.6003805094067, 1565.385081319035, 3011.360197326823, 1961.143394001132, 633.6722883559775, 1706.6870822861838, 2286.3435901242638, 723.4890571504579, 1669.112299993048, 1768.0838820767617, 406.8753304238098, 1169.421590729455, 859.0217365807517, 2575.285989212136, 946.2449876327447, 1181.9994652263822, 2090.7722782706305, 453.6826499283937, 1164.877140805091, 902.2816516574519, 1124.085359869305], [1734.4686576729282, 0.0, 2507.042265215282, 2099.9862734366584, 1737.3466583209113, 2751.0623973598204, 1048.0383149100974, 1384.6250430278913, 2262.2882661484555, 1430.31355272749, 1277.8423375754678, 1987.6278458430409, 444.43957815610605, 1382.5654818378189, 1069.7621722851682, 2244.4425076106277, 1588.5632689214458, 1137.313837972846, 814.7216889502804, 1679.5458840408194, 2192.9877856252187, 1510.714924619219, 508.44304086154256, 2012.0192807737446, 2493.231366380308, 2082.522357426231, 2653.623316018577, 1090.6430060605883, 919.4721334460183, 2019.9217986949793, 1409.1086652436852, 2689.7348609458027, 1482.5501889157392, 615.8258504646653], [2511.0861142500135, 2507.042265215282, 0.0, 2107.6148611295334, 935.613865238024, 1260.884739934213, 2141.5353836016707, 1435.015631182323, 342.9779679496265, 1879.936174979622, 1239.5532780351075, 725.0531896130901, 2096.891511841693, 1454.2498865631667, 1454.0402422194672, 1137.3493574186573, 920.8577000712282, 2546.500934585344, 1695.0085371609387, 960.4155518772511, 3223.1594487537986, 1039.5958888542257, 2019.301224744121, 2898.601378793024, 3672.483687249119, 3364.3805970699464, 163.51720823183274, 2896.9086203868787, 2953.781951160373, 499.9582464110671, 2694.3156638527817, 3591.306344074288, 3160.2482220783177, 2308.657606969546], [646.4615580508871, 2099.9862734366584, 2107.6148611295334, 0.0, 1329.5897843435368, 3195.793362091253, 1056.4226399315548, 2349.9864179374163, 2169.949184641342, 692.6464642224228, 1586.0520342272087, 1423.800544616009, 1747.9870747348823, 1033.3615123835261, 1567.1266418640719, 2825.206439914319, 1785.6265497336392, 1169.133992051571, 1806.9651851948893, 2133.598631961427, 1203.3803870080112, 1489.3875457536521, 1976.4805437055782, 898.9692223225684, 1636.5809094121435, 1424.6806512479213, 2138.0283323891226, 1542.5189898939482, 1756.1477473939467, 1770.8957614615006, 1074.9140052088344, 1496.75282693506, 1547.4715368743005, 1497.5781815507444], [1613.435601611692, 1737.3466583209113, 935.613865238024, 1329.5897843435368, 0.0, 1870.4691655633158, 1208.5533428601182, 1182.4154056594248, 879.3410733818977, 957.2254266780766, 523.1715082984407, 255.62083471455173, 1295.9395095244463, 518.839767925805, 688.3581364595582, 1499.5930633498165, 503.50635591174586, 1611.4468416223654, 999.9952745715599, 841.6720665233777, 2335.795482877598, 282.32552180343447, 1319.1204068446991, 2013.8666819929572, 2782.8413137933235, 2452.441418040581, 1037.3061333684616, 1968.2605894525107, 2041.5533610250868, 477.8785045457573, 1761.7061102366015, 2742.353829782057, 2224.634576002372, 1418.2621257333606], [3444.31232702701, 2751.0623973598204, 1260.884739934213, 3195.793362091253, 1870.4691655633158, 0.0, 2869.206361883641, 1366.4466723813912, 1052.5290757255445, 2770.6299396756326, 1813.022482756459, 1787.401751864901, 2478.9271841604173, 2293.7562996897914, 1978.4373146302821, 506.9220157558597, 1486.8577666612416, 3268.0252033108127, 2033.376596610256, 1190.4148876286881, 4164.786315966669, 1775.2299086106877, 2258.970174592249, 3850.9935896869497, 4602.2519498520405, 4238.066547309357, 1347.9276389782242, 3525.6499123988897, 3491.932686388956, 1431.3403002288278, 3488.74645624933, 4598.013177098848, 3871.282162303347, 2843.3691621303196], [745.8408046261106, 1048.0383149100974, 2141.5353836016707, 1056.4226399315548, 1208.5533428601182, 2869.206361883641, 0.0, 1679.8459783208252, 2030.0673867271955, 434.2352129562739, 1056.6512639634107, 1445.5529784338214, 746.8398386934025, 691.5965059369353, 901.3857917863958, 2399.618329548196, 1398.1165708308954, 410.3443033723924, 980.6138665316878, 1680.0428719687375, 1373.8175503491186, 1145.178674400445, 1022.373326951986, 1106.927911342883, 1776.5390491719113, 1386.3073302753796, 2245.586137514283, 763.1902709790332, 873.2529606802934, 1658.7964431170274, 622.6654613218792, 1861.1229160333717, 1028.5875667993469, 441.2547912284437], [2373.3291984720317, 1384.6250430278913, 1435.015631182323, 2349.9864179374163, 1182.4154056594248, 1366.4466723813912, 1679.8459783208252, 0.0, 1106.6172048058402, 1740.2012326371375, 765.5192556100806, 1309.1790190170445, 1141.5505880045334, 1317.1258247453898, 810.580908203123, 859.9883684974346, 697.5485249422838, 2037.7717613696761, 723.0513184087569, 477.32217854883805, 3050.46666802445, 920.2673885565152, 897.6639055150243, 2766.9695557035116, 3455.7524611610365, 3060.2416295483945, 1598.532832889102, 2230.0516864908277, 2162.269094946174, 1090.647529176934, 2292.9928625850175, 3529.1751834099728, 2602.244059904999, 1541.4101585403764], [2492.6618643594356, 2262.2882661484555, 342.9779679496265, 2169.949184641342, 879.3410733818977, 1052.5290757255445, 2030.0673867271955, 1106.6172048058402, 0.0, 1831.8094920344868, 1036.7746992731877, 746.945396023572, 1875.1267283333775, 1370.5961660690018, 1247.953343110618, 830.3468416711601, 686.1554997821362, 2440.3576628880505, 1448.3774968112336, 640.765732798898, 3215.136111780216, 886.3030048756588, 1761.5345000177083, 2893.076165793814, 3662.0833856494546, 3327.487722429612, 502.85190184876456, 2763.8510784140603, 2793.1040490017444, 404.3084540425338, 2618.15349668476, 3616.873573974672, 3058.629170216298, 2135.256744828233], [673.7192481044947, 1430.31355272749, 1879.936174979622, 692.6464642224228, 957.2254266780766, 2770.6299396756326, 434.2352129562739, 1740.2012326371375, 1831.8094920344868, 0.0, 1006.350633674508, 1156.8206663650697, 1058.0777311796135, 476.88500209208064, 931.4422321248212, 2340.1033373501073, 1287.9419136253146, 737.1306045630422, 1133.2157740470382, 1616.6236405843229, 1395.1327466297548, 995.4074591243194, 1284.4239303797472, 1080.5273519943648, 1837.0008139272584, 1495.8820677693066, 1961.4867177820802, 1134.4450882871017, 1284.1065517151717, 1434.329133228582, 822.8936812386229, 1833.8835623733623, 1311.50802923359, 855.4087579914302], [1668.2013083093896, 1277.8423375754678, 1239.5532780351075, 1586.0520342272087, 523.1715082984407, 1813.022482756459, 1056.6512639634107, 765.5192556100806, 1036.7746992731877, 1006.350633674508, 0.0, 743.8642780540586, 857.766731209293, 556.2540255072075, 214.6908325293276, 1351.957674645003, 356.8202498271311, 1459.253185792902, 490.059136574466, 626.7914021580427, 2375.149877545911, 249.2671913463935, 818.2142973548562, 2072.5836920355086, 2803.012354926512, 2429.0675491787842, 1380.3282373466322, 1747.7880821111953, 1760.0924137597858, 744.7249558840775, 1675.7984622326153, 2833.0770427624757, 2070.3882831191836, 1100.1703864568988], [1787.4421529839692, 1987.6278458430409, 725.0531896130901, 1423.800544616009, 255.62083471455173, 1787.401751864901, 1445.5529784338214, 1309.1790190170445, 746.945396023572, 1156.8206663650697, 743.8642780540586, 0.0, 1547.9443544185635, 754.3517849523716, 928.2366518167853, 1473.6253775815176, 612.2828972987174, 1842.131481623901, 1231.9304154589597, 901.2352544113276, 2502.6425204187217, 494.654725558946, 1556.6813824940266, 2178.3249480285313, 2951.8224118336475, 2639.4695060752865, 806.7362428124779, 2208.148182889257, 2289.919076016988, 357.1485962218024, 1975.2854160355755, 2884.5945674819322, 2449.6224881861394, 1672.275763835163], [1488.492418212528, 444.43957815610605, 2096.891511841693, 1747.9870747348823, 1295.9395095244463, 2478.9271841604173, 746.8398386934025, 1141.5505880045334, 1875.1267283333775, 1058.0777311796135, 857.766731209293, 1547.9443544185635, 0.0, 945.0426870226133, 644.1836469943684, 1975.6166886583176, 1190.4458030654896, 983.5152980353927, 449.94488348606734, 1337.0889985640354, 2058.200537568891, 1079.471761876805, 296.2473601304914, 1825.251616928319, 2417.085760656473, 2007.2558471399007, 2237.952209330563, 1100.0289028810705, 1020.8610586426461, 1602.2639565976585, 1261.1923609434689, 2556.7012459653292, 1484.8729011732246, 427.591994162717], [1150.6003805094067, 1382.5654818378189, 1454.2498865631667, 1033.3615123835261, 518.839767925805, 2293.7562996897914, 691.5965059369353, 1317.1258247453898, 1370.5961660690018, 476.88500209208064, 556.2540255072075, 754.3517849523716, 945.0426870226133, 0.0, 545.1496466095547, 1866.2806194812035, 812.1331254634315, 1092.6335537119041, 825.4484126159521, 1145.7847622812076, 1871.544762646396, 518.5270898488191, 1074.1379725783156, 1557.3800151839393, 2311.8671314832686, 1961.9321537548165, 1554.5550839196178, 1453.8128891002398, 1541.2860696054938, 982.5734953932013, 1249.332402622387, 2308.8654973895705, 1706.1835966064718, 951.3014903611468], [1565.385081319035, 1069.7621722851682, 1454.0402422194672, 1567.1266418640719, 688.3581364595582, 1978.4373146302821, 901.3857917863958, 810.580908203123, 1247.953343110618, 931.4422321248212, 214.6908325293276, 928.2366518167853, 644.1836469943684, 545.1496466095547, 0.0, 1500.2870277679806, 563.3005264449428, 1291.254320743969, 317.34780168944013, 788.8447371850687, 2254.2843436132057, 441.6074549424582, 630.7622703977964, 1962.8482878656187, 2671.36514207723, 2286.6527542656245, 1593.8681474302969, 1557.136771742426, 1556.6372308313578, 958.1786782350827, 1523.9845902265845, 2725.7067889867003, 1893.1977953580797, 895.6364607100093], [3011.360197326823, 2244.4425076106277, 1137.3493574186573, 2825.206439914319, 1499.5930633498165, 506.9220157558597, 2399.618329548196, 859.9883684974346, 830.3468416711601, 2340.1033373501073, 1351.957674645003, 1473.6253775815176, 1975.6166886583176, 1866.2806194812035, 1500.2870277679806, 0.0, 1055.4019616298497, 2791.1258657600097, 1532.5929180039911, 726.1898630174524, 3724.7133751326446, 1353.9984644760657, 1752.1947229498305, 3417.7269320232135, 4154.801798447792, 3779.9273450061064, 1271.615896895944, 3033.50282618518, 2991.709866106682, 1123.9163781403033, 3021.9795318191896, 4173.985308678207, 3386.7334845955884, 2347.839869000993], [1961.143394001132, 1588.5632689214458, 920.8577000712282, 1785.6265497336392, 503.50635591174586, 1486.8577666612416, 1398.1165708308954, 697.5485249422838, 686.1554997821362, 1287.9419136253146, 356.8202498271311, 612.2828972987174, 1190.4458030654896, 812.1331254634315, 563.3005264449428, 1055.4019616298497, 0.0, 1805.2069723802183, 774.7777306356758, 348.47109800207636, 2679.33406667601, 299.4127455596245, 1098.489556319423, 2368.005152360866, 3115.5066782726904, 2752.7021552116657, 1072.5155720723467, 2103.1513529560207, 2116.609573063764, 456.6385312041122, 2010.3527790552425, 3120.99235730459, 2419.774696220082, 1456.279830797837], [633.6722883559775, 1137.313837972846, 2546.500934585344, 1169.133992051571, 1611.4468416223654, 3268.0252033108127, 410.3443033723924, 2037.7717613696761, 2440.3576628880505, 737.1306045630422, 1459.253185792902, 1842.131481623901, 983.5152980353927, 1092.6335537119041, 1291.254320743969, 2791.1258657600097, 1805.2069723802183, 0.0, 1318.8201485852005, 2077.617407026512, 1078.1169278424807, 1555.4869672849452, 1279.498051917321, 874.818971197215, 1436.7788207187807, 1030.4001267580331, 2646.3114879298755, 400.8270484375656, 588.5743180906408, 2067.276104916273, 279.64001317448674, 1577.8344652527815, 618.2715242947173, 564.5083400924899], [1706.6870822861838, 814.7216889502804, 1695.0085371609387, 1806.9651851948893, 999.9952745715599, 2033.376596610256, 980.6138665316878, 723.0513184087569, 1448.3774968112336, 1133.2157740470382, 490.059136574466, 1231.9304154589597, 449.94488348606734, 825.4484126159521, 317.34780168944013, 1532.5929180039911, 774.7777306356758, 1318.8201485852005, 0.0, 888.3777667090019, 2353.606876577773, 737.8521137540066, 329.6784336033634, 2085.0506636728283, 2746.510584802119, 2346.085322110206, 1844.2361943177102, 1510.5545575742071, 1459.1437580503375, 1214.5990329722008, 1580.1087244622775, 2841.6438279553126, 1879.522387530728, 821.4420208867983], [2286.3435901242638, 1679.5458840408194, 960.4155518772511, 2133.598631961427, 841.6720665233777, 1190.4148876286881, 1680.0428719687375, 477.32217854883805, 640.765732798898, 1616.6236405843229, 626.7914021580427, 901.2352544113276, 1337.0889985640354, 1145.7847622812076, 788.8447371850687, 726.1898630174524, 348.47109800207636, 2077.617407026512, 888.3777667090019, 0.0, 2998.58951456024, 644.9259256793094, 1171.186819119833, 2692.3861559416064, 3428.8392807991004, 3055.8444668528414, 1123.8015460404047, 2342.5817256726223, 2325.4632085555377, 630.7761577022296, 2301.077054943591, 3449.984316413658, 2682.0194485123448, 1668.1891192304563], [723.4890571504579, 2192.9877856252187, 3223.1594487537986, 1203.3803870080112, 2335.795482877598, 4164.786315966669, 1373.8175503491186, 3050.46666802445, 3215.136111780216, 1395.1327466297548, 2375.149877545911, 2502.6425204187217, 2058.200537568891, 1871.544762646396, 2254.2843436132057, 3724.7133751326446, 2679.33406667601, 1078.1169278424807, 2353.606876577773, 2998.58951456024, 0.0, 2389.8557960559606, 2352.9004139275394, 324.56750073454174, 449.3250355010672, 293.726807419727, 3279.293277685441, 1152.9690618355066, 1392.98394724299, 2812.5426270571106, 798.5459301732876, 499.8270138555818, 847.3000577670481, 1642.6252517975493], [1669.112299993048, 1510.714924619219, 1039.5958888542257, 1489.3875457536521, 282.32552180343447, 1775.2299086106877, 1145.178674400445, 920.2673885565152, 886.3030048756588, 995.4074591243194, 249.2671913463935, 494.654725558946, 1079.471761876805, 518.5270898488191, 441.6074549424582, 1353.9984644760657, 299.4127455596245, 1555.4869672849452, 737.8521137540066, 644.9259256793094, 2389.8557960559606, 0.0, 1064.2590889459218, 2075.8580333698806, 2829.1497232968572, 2473.7182315214386, 1169.575742466275, 1879.016313176942, 1919.2142125091336, 539.8433021989263, 1743.5044150463934, 2825.808668637279, 2173.6016841490627, 1269.5745896179092], [1768.0838820767617, 508.44304086154256, 2019.301224744121, 1976.4805437055782, 1319.1204068446991, 2258.970174592249, 1022.373326951986, 897.6639055150243, 1761.5345000177083, 1284.4239303797472, 818.2142973548562, 1556.6813824940266, 296.2473601304914, 1074.1379725783156, 630.7622703977964, 1752.1947229498305, 1098.489556319423, 1279.498051917321, 329.6784336033634, 1171.186819119833, 2352.9004139275394, 1064.2590889459218, 0.0, 2114.8887247736875, 2713.3044197848167, 2303.3371022039582, 2170.366584216599, 1384.0254571207706, 1282.8302773728092, 1542.9784316601513, 1556.70776980924, 2850.853690201131, 1773.1412991763748, 722.9015625419438], [406.8753304238098, 2012.0192807737446, 2898.601378793024, 898.9692223225684, 2013.8666819929572, 3850.9935896869497, 1106.927911342883, 2766.9695557035116, 2893.076165793814, 1080.5273519943648, 2072.5836920355086, 2178.3249480285313, 1825.251616928319, 1557.3800151839393, 1962.8482878656187, 3417.7269320232135, 2368.005152360866, 874.818971197215, 2085.0506636728283, 2692.3861559416064, 324.56750073454174, 2075.8580333698806, 2114.8887247736875, 0.0, 773.8844489660704, 527.6253576339682, 2955.0419336040645, 1054.9978106765334, 1304.4865344143132, 2490.0039142875926, 607.1228925062268, 762.8591503129362, 848.4394303881356, 1427.4729833924482], [1169.421590729455, 2493.231366380308, 3672.483687249119, 1636.5809094121435, 2782.8413137933235, 4602.2519498520405, 1776.5390491719113, 3455.7524611610365, 3662.0833856494546, 1837.0008139272584, 2803.012354926512, 2951.8224118336475, 2417.085760656473, 2311.8671314832686, 2671.36514207723, 4154.801798447792, 3115.5066782726904, 1436.7788207187807, 2746.510584802119, 3428.8392807991004, 449.3250355010672, 2829.1497232968572, 2713.3044197848167, 773.8844489660704, 0.0, 412.35000776063015, 3728.091027978336, 1407.8715532874187, 1620.059881247356, 3260.050591887159, 1166.8875835596718, 366.6709091289555, 1033.403377402016, 1991.5213354747816], [859.0217365807517, 2082.522357426231, 3364.3805970699464, 1424.6806512479213, 2452.441418040581, 4238.066547309357, 1386.3073302753796, 3060.2416295483945, 3327.487722429612, 1495.8820677693066, 2429.0675491787842, 2639.4695060752865, 2007.2558471399007, 1961.9321537548165, 2286.6527542656245, 3779.9273450061064, 2752.7021552116657, 1030.4001267580331, 2346.085322110206, 3055.8444668528414, 293.726807419727, 2473.7182315214386, 2303.3371022039582, 527.6253576339682, 412.35000776063015, 0.0, 3432.6126560855914, 1001.1805448141649, 1221.8345758785397, 2929.9939082393444, 767.258106663493, 655.2111649475701, 641.125363048941, 1580.899196377085], [2575.285989212136, 2653.623316018577, 163.51720823183274, 2138.0283323891226, 1037.3061333684616, 1347.9276389782242, 2245.586137514283, 1598.532832889102, 502.85190184876456, 1961.4867177820802, 1380.3282373466322, 806.7362428124779, 2237.952209330563, 1554.5550839196178, 1593.8681474302969, 1271.615896895944, 1072.5155720723467, 2646.3114879298755, 1844.2361943177102, 1123.8015460404047, 3279.293277685441, 1169.575742466275, 2170.366584216599, 2955.0419336040645, 3728.091027978336, 3432.6126560855914, 0.0, 3005.47204660259, 3072.2368484062836, 635.6932872179241, 2781.6446249772566, 3630.832840683722, 3255.8712236716797, 2433.735706045039], [946.2449876327447, 1090.6430060605883, 2896.9086203868787, 1542.5189898939482, 1968.2605894525107, 3525.6499123988897, 763.1902709790332, 2230.0516864908277, 2763.8510784140603, 1134.4450882871017, 1747.7880821111953, 2208.148182889257, 1100.0289028810705, 1453.8128891002398, 1557.136771742426, 3033.50282618518, 2103.1513529560207, 400.8270484375656, 1510.5545575742071, 2342.5817256726223, 1152.9690618355066, 1879.016313176942, 1384.0254571207706, 1054.9978106765334, 1407.8715532874187, 1001.1805448141649, 3005.47204660259, 0.0, 249.53832496284323, 2407.3412567038495, 495.0660197883626, 1633.6068926964774, 395.01091481583484, 689.1477909931019], [1181.9994652263822, 919.4721334460183, 2953.781951160373, 1756.1477473939467, 2041.5533610250868, 3491.932686388956, 873.2529606802934, 2162.269094946174, 2793.1040490017444, 1284.1065517151717, 1760.0924137597858, 2289.919076016988, 1020.8610586426461, 1541.2860696054938, 1556.6372308313578, 2991.709866106682, 2116.609573063764, 588.5743180906408, 1459.1437580503375, 2325.4632085555377, 1392.98394724299, 1919.2142125091336, 1282.8302773728092, 1304.4865344143132, 1620.059881247356, 1221.8345758785397, 3072.2368484062836, 249.53832496284323, 0.0, 2456.8498325531145, 736.9142601911417, 1865.426303448142, 587.0681928236052, 661.0083842778242], [2090.7722782706305, 2019.9217986949793, 499.9582464110671, 1770.8957614615006, 477.8785045457573, 1431.3403002288278, 1658.7964431170274, 1090.647529176934, 404.3084540425338, 1434.329133228582, 744.7249558840775, 357.1485962218024, 1602.2639565976585, 982.5734953932013, 958.1786782350827, 1123.9163781403033, 456.6385312041122, 2067.276104916273, 1214.5990329722008, 630.7761577022296, 2812.5426270571106, 539.8433021989263, 1542.9784316601513, 2490.0039142875926, 3260.050591887159, 2929.9939082393444, 635.6932872179241, 2407.3412567038495, 2456.8498325531145, 0.0, 2231.7283695248284, 3212.5705018493886, 2684.3500649861544, 1809.3175830796858], [453.6826499283937, 1409.1086652436852, 2694.3156638527817, 1074.9140052088344, 1761.7061102366015, 3488.74645624933, 622.6654613218792, 2292.9928625850175, 2618.15349668476, 822.8936812386229, 1675.7984622326153, 1975.2854160355755, 1261.1923609434689, 1249.332402622387, 1523.9845902265845, 3021.9795318191896, 2010.3527790552425, 279.64001317448674, 1580.1087244622775, 2301.077054943591, 798.5459301732876, 1743.5044150463934, 1556.70776980924, 607.1228925062268, 1166.8875835596718, 767.258106663493, 2781.6446249772566, 495.0660197883626, 736.9142601911417, 2231.7283695248284, 0.0, 1298.2151930739171, 501.70066528662545, 844.1129769934938], [1164.877140805091, 2689.7348609458027, 3591.306344074288, 1496.75282693506, 2742.353829782057, 4598.013177098848, 1861.1229160333717, 3529.1751834099728, 3616.873573974672, 1833.8835623733623, 2833.0770427624757, 2884.5945674819322, 2556.7012459653292, 2308.8654973895705, 2725.7067889867003, 4173.985308678207, 3120.99235730459, 1577.8344652527815, 2841.6438279553126, 3449.984316413658, 499.8270138555818, 2825.808668637279, 2850.853690201131, 762.8591503129362, 366.6709091289555, 655.2111649475701, 3630.832840683722, 1633.6068926964774, 1865.426303448142, 3212.5705018493886, 1298.2151930739171, 0.0, 1293.369389842547, 2142.3281314005735], [902.2816516574519, 1482.5501889157392, 3160.2482220783177, 1547.4715368743005, 2224.634576002372, 3871.282162303347, 1028.5875667993469, 2602.244059904999, 3058.629170216298, 1311.50802923359, 2070.3882831191836, 2449.6224881861394, 1484.8729011732246, 1706.1835966064718, 1893.1977953580797, 3386.7334845955884, 2419.774696220082, 618.2715242947173, 1879.522387530728, 2682.0194485123448, 847.3000577670481, 2173.6016841490627, 1773.1412991763748, 848.4394303881356, 1033.403377402016, 641.125363048941, 3255.8712236716797, 395.01091481583484, 587.0681928236052, 2684.3500649861544, 501.70066528662545, 1293.369389842547, 0.0, 1064.0263023733576], [1124.085359869305, 615.8258504646653, 2308.657606969546, 1497.5781815507444, 1418.2621257333606, 2843.3691621303196, 441.2547912284437, 1541.4101585403764, 2135.256744828233, 855.4087579914302, 1100.1703864568988, 1672.275763835163, 427.591994162717, 951.3014903611468, 895.6364607100093, 2347.839869000993, 1456.279830797837, 564.5083400924899, 821.4420208867983, 1668.1891192304563, 1642.6252517975493, 1269.5745896179092, 722.9015625419438, 1427.4729833924482, 1991.5213354747816, 1580.899196377085, 2433.735706045039, 689.1477909931019, 661.0083842778242, 1809.3175830796858, 844.1129769934938, 2142.3281314005735, 1064.0263023733576, 0.0]]}