{"cities": ["New York", "Los Angeles", "Chicago", "Houston", "Phoenix", "Philadelphia", "San Antonio", "San Diego", "Dallas", "San Jose", "Austin", "Jacksonville", "Fort Worth", "Columbus", "Indianapolis", "Charlotte", "San Francisco", "Seattle", "Denver", "Oklahoma City", "Nashville", "El Paso", "Washington", "Boston", "Las Vegas"], "distances": [[0.0, 3944.275348966509, 1146.7355698523086, 2283.4731891218285, 3450.9483903126825, 129.60181091014726, 2547.986584999481, 3915.3980059197734, 2209.332009366533, 4112.197096687746, 2434.409631277079, 1343.2578145236457, 2254.1541691428674, 768.4816085821278, 1038.5445437999504, 854.8072289670758, 4138.973872106272, 3875.494807273756, 2625.182512547208, 2135.5334360513143, 1222.2877100813703, 3063.6036926829406, 328.7275182917685, 306.0865217705733, 3594.06929989599], [3944.275348966509, 0.0, 2809.792882017377, 2210.4804470768618, 575.3824785733822, 3851.941412605929, 1936.8478833888341, 179.05896835348872, 1996.1287663766936, 491.4899516842774, 1974.936286015387, 3456.2420869785074, 1947.1195663042674, 3182.781324346711, 2912.154878495555, 3411.13591072935, 559.3205202069154, 1543.163181189986, 1337.6087960080174, 1900.466542347715, 2865.9205259226546, 1128.07738830479, 3700.1706744216353, 4178.509720723577, 366.78049479935675], [1146.7355698523086, 2809.792882017377, 0.0, 1514.002429684974, 2340.6634690553337, 1070.2277353308975, 1693.1986772673363, 2792.0553120005297, 1294.7628809401672, 2965.4680659995383, 1575.0582569807127, 1388.1190621943686, 1326.907830021701, 443.58788427693275, 264.6710481018395, 944.8842949921881, 2992.372924094483, 2796.4910207211624, 1481.3081578586134, 1115.0310027633445, 638.5144603304235, 2015.828275433914, 957.2145042896154, 1368.7182717270825, 2454.655197728688], [2283.4731891218285, 2210.4804470768618, 1514.002429684974, 0.0, 1635.2565051761562, 2158.4293411609433, 305.2309057652728, 2098.2404791167282, 361.1594077288484, 2592.236904913485, 236.13888733408817, 1323.1409314071068, 381.0861982025726, 1596.94148286032, 1392.455579984392, 1491.691695806488, 2647.6976401829893, 3042.576391131159, 1412.7719847448627, 664.954773980156, 1071.4265753189252, 1086.9339304198259, 1962.3459996727595, 2583.4959266617648, 1976.6104857514213], [3450.9483903126825, 575.3824785733822, 2340.6634690553337, 1635.2565051761562, 0.0, 3351.29798207518, 1364.5179241625835, 481.9182443490095, 1426.5630276682173, 989.9419654111391, 1399.879470052689, 2888.109474095313, 1377.0663310327643, 2683.155224123236, 2412.5120642507136, 2868.777058087401, 1052.3898346444014, 1792.4551436881254, 942.6026077710117, 1354.9666065258505, 2327.845310784437, 556.7730999418733, 3189.409657079458, 3701.266366843985, 412.38978773508796], [129.60181091014726, 3851.941412605929, 1070.2277353308975, 2158.4293411609433, 3351.29798207518, 0.0, 2425.435620690152, 3818.7753352533423, 2091.6110999555267, 4031.750524977875, 2312.501272844044, 1219.4528114234558, 2137.0045539684565, 669.447153405306, 940.4253069331587, 725.4117172249557, 4060.189541680961, 3828.9753079823013, 2540.375385747813, 2026.80089001507, 1101.3434603743126, 2954.1257719517153, 199.49308590361917, 435.5872812451159, 3504.725408450031], [2547.986584999481, 1936.8478833888341, 1693.1986772673363, 305.2309057652728, 1364.5179241625835, 2425.435620690152, 0.0, 1815.963081857545, 405.37034724221235, 2339.136618464795, 118.6511162466002, 1628.3718269294995, 385.3396093112283, 1834.1946587136388, 1608.534394232367, 1779.0554405370033, 2397.2308083889234, 2874.627123432903, 1288.9465167719975, 676.9999163979301, 1326.4040379187072, 808.7832101210919, 2232.285072287298, 2843.6215737035236, 1726.5648366942607], [3915.3980059197734, 179.05896835348872, 2792.0553120005297, 2098.2404791167282, 481.9182443490095, 3818.7753352533423, 1815.963081857545, 0.0, 1905.7226769291206, 669.6498741374071, 1862.1017806750547, 3367.0900876312885, 1855.9629443199915, 3149.518093019082, 2878.5096543968893, 3349.406757243825, 737.4470112525094, 1709.5638768291763, 1341.7344417410932, 1835.3408001170271, 2807.3259388596703, 1011.3066026486682, 3660.785367794805, 4158.616009069797, 425.082626689002], [2209.332009366533, 1996.1287663766936, 1294.7628809401672, 361.1594077288484, 1426.5630276682173, 2091.6110999555267, 405.37034724221235, 1905.7226769291206, 0.0, 2336.9882366967795, 291.95704950450306, 1461.5780412555603, 50.27836316108103, 1469.96811889186, 1229.5625290780417, 1496.9860728501117, 2388.0732839232714, 2705.961996114867, 1066.0116761674474, 306.4185415650084, 993.8230352812487, 919.5736881599345, 1905.1819410516691, 2496.8160452076013, 1724.5882211937694], [4112.197096687746, 491.4899516842774, 2965.4680659995383, 2592.236904913485, 989.9419654111391, 4031.750524977875, 2339.136618464795, 669.6498741374071, 2336.9882366967795, 0.0, 2361.2316216853783, 3775.072929248967, 2290.5561277943048, 3371.195788905897, 3105.7968597042054, 3666.2127525537103, 67.83065515003209, 1141.1271734956886, 1495.5467352499704, 2189.984031069349, 3120.5938067684574, 1540.7376797860672, 3897.293112705304, 4320.915346162857, 615.7355210024731], [2434.409631277079, 1974.936286015387, 1575.0582569807127, 236.13888733408817, 1399.879470052689, 2312.501272844044, 118.6511162466002, 1862.1017806750547, 291.95704950450306, 2361.2316216853783, 0.0, 1546.2728416341274, 277.95938797158965, 1717.0162742394623, 1490.1469069149946, 1673.8807347193056, 2417.4938638840313, 2848.799834267392, 1240.0031729216173, 577.2885058699085, 1212.258573086382, 850.7953443793142, 2120.224960482211, 2729.013181802667, 1746.0546665825009], [1343.2578145236457, 3456.2420869785074, 1388.1190621943686, 1323.1409314071068, 2888.109474095313, 1219.4528114234558, 1628.3718269294995, 3367.0900876312885, 1461.5780412555603, 3775.072929248967, 1546.2728416341274, 0.0, 1511.2019569260415, 1075.3672934106253, 1124.1479211558828, 548.1665824980835, 3821.718417094259, 3950.9790046585263, 2361.0712917486603, 1587.3175068595178, 803.2150243447957, 2370.5243511613608, 1039.6945336289973, 1635.5543109005446, 3171.1190068270453], [2254.1541691428674, 1947.1195663042674, 1326.907830021701, 381.0861982025726, 1377.0663310327643, 2137.0045539684565, 385.3396093112283, 1855.9629443199915, 50.27836316108103, 2290.5561277943048, 277.95938797158965, 1511.2019569260415, 0.0, 1511.9184335105842, 1268.8371226159368, 1546.1842802750014, 2342.024374770936, 2672.407163056508, 1035.4778719791113, 302.1723971557102, 1040.544835981351, 869.3174521000161, 1951.3291930574944, 2540.5432443443633, 1677.5752749145447], [768.4816085821278, 3182.781324346711, 443.58788427693275, 1596.94148286032, 2683.155224123236, 669.447153405306, 1834.1946587136388, 3149.518093019082, 1469.96811889186, 3371.195788905897, 1717.0162742394623, 1075.3672934106253, 1511.9184335105842, 0.0, 271.01473333320376, 558.9633824447839, 3401.6359892292307, 3239.838783390232, 1876.77561319647, 1371.3967723028284, 536.1402005668369, 2299.2661181317644, 526.9013712547247, 1035.8252131617605, 2836.7837900266136], [1038.5445437999504, 2912.154878495555, 264.6710481018395, 1392.455579984392, 2412.5120642507136, 940.4253069331587, 1608.534394232367, 2878.5096543968893, 1229.5625290780417, 3105.7968597042054, 1490.1469069149946, 1124.1479211558828, 1268.8371226159368, 271.01473333320376, 0.0, 688.8839708577726, 3137.350918935399, 3012.8516769914686, 1610.4451740058441, 1109.1909972881504, 403.8971769296311, 2035.3757551887995, 792.0859830803174, 1299.2908866604678, 2567.0675762073474], [854.8072289670758, 3411.13591072935, 944.8842949921881, 1491.691695806488, 2868.777058087401, 725.4117172249557, 1779.0554405370033, 3349.406757243825, 1496.9860728501117, 3666.2127525537103, 1673.8807347193056, 548.1665824980835, 1546.1842802750014, 558.9633824447839, 688.8839708577726, 0.0, 3704.860683784451, 3678.095144516466, 2185.9157060024127, 1514.0674723383706, 546.6719245241846, 2407.007111086941, 529.3287306469063, 1159.7847866719205, 3090.407526887606], [4138.973872106272, 559.3205202069154, 2992.372924094483, 2647.6976401829893, 1052.3898346444014, 4060.189541680961, 2397.2308083889234, 737.4470112525094, 2388.0732839232714, 67.83065515003209, 2417.4938638840313, 3821.718417094259, 2342.024374770936, 3401.6359892292307, 3137.350918935399, 3704.860683784451, 0.0, 1091.4064028777855, 1528.4349173547891, 2235.3841464796596, 3159.90227715299, 1601.190274446116, 3928.163179040752, 4344.067825321895, 671.4683926796038], [3875.494807273756, 1543.163181189986, 2796.4910207211624, 3042.576391131159, 1792.4551436881254, 3828.9753079823013, 2874.627123432903, 1709.5638768291763, 2705.961996114867, 1141.1271734956886, 2848.799834267392, 3950.9790046585263, 2672.407163056508, 3239.838783390232, 3012.8516769914686, 3678.095144516466, 1091.4064028777855, 0.0, 1643.6693950307074, 2453.3357996374843, 3177.900335207393, 2213.7519114177985, 3745.9729588802543, 4010.9713255337056, 1401.6580121691527], [2625.182512547208, 1337.6087960080174, 1481.3081578586134, 1412.7719847448627, 942.6026077710117, 2540.375385747813, 1288.9465167719975, 1341.7344417410932, 1066.0116761674474, 1495.5467352499704, 1240.0031729216173, 2361.0712917486603, 1035.4778719791113, 1876.77561319647, 1610.4451740058441, 2185.9157060024127, 1528.4349173547891, 1643.6693950307074, 0.0, 811.3200319162044, 1645.852555172784, 895.645113537109, 2402.2605088714868, 2847.9343212256053, 976.519709072518], [2135.5334360513143, 1900.466542347715, 1115.0310027633445, 664.954773980156, 1354.9666065258505, 2026.80089001507, 676.9999163979301, 1835.3408001170271, 306.4185415650084, 2189.984031069349, 577.2885058699085, 1587.3175068595178, 302.1723971557102, 1371.3967723028284, 1109.1909972881504, 1514.0674723383706, 2235.3841464796596, 2453.3357996374843, 811.3200319162044, 0.0, 973.3378801028855, 928.156706539017, 1853.6218454247087, 2406.845459838331, 1592.9926353559447], [1222.2877100813703, 2865.9205259226546, 638.5144603304235, 1071.4265753189252, 2327.845310784437, 1101.3434603743126, 1326.4040379187072, 2807.3259388596703, 993.8230352812487, 3120.5938067684574, 1212.258573086382, 803.2150243447957, 1040.544835981351, 536.1402005668369, 403.8971769296311, 546.6719245241846, 3159.90227715299, 3177.900335207393, 1645.852555172784, 973.3378801028855, 0.0, 1882.5269234829382, 912.0344945696002, 1517.2845567611062, 2543.769544013644], [3063.6036926829406, 1128.07738830479, 2015.828275433914, 1086.9339304198259, 556.7730999418733, 2954.1257719517153, 808.7832101210919, 1011.3066026486682, 919.5736881599345, 1540.7376797860672, 850.7953443793142, 2370.5243511613608, 869.3174521000161, 2299.2661181317644, 2035.3757551887995, 2407.007111086941, 1601.190274446116, 2213.7519114177985, 895.645113537109, 928.156706539017, 1882.5269234829382, 0.0, 2778.47648959158, 3334.227940003554, 937.3851635225225], [328.7275182917685, 3700.1706744216353, 957.2145042896154, 1962.3459996727595, 3189.409657079458, 199.49308590361917, 2232.285072287298, 3660.785367794805, 1905.1819410516691, 3897.293112705304, 2120.224960482211, 1039.6945336289973, 1951.3291930574944, 526.9013712547247, 792.0859830803174, 529.3287306469063, 3928.163179040752, 3745.9729588802543, 2402.2605088714868, 1853.6218454247087, 912.0344945696002, 2778.47648959158, 0.0, 634.8034773933506, 3357.797004984193], [306.0865217705733, 4178.509720723577, 1368.7182717270825, 2583.4959266617648, 3701.266366843985, 435.5872812451159, 2843.6215737035236, 4158.616009069797, 2496.8160452076013, 4320.915346162857, 2729.013181802667, 1635.5543109005446, 2540.5432443443633, 1035.8252131617605, 1299.2908866604678, 1159.7847866719205, 4344.067825321895, 4010.9713255337056, 2847.9343212256053, 2406.845459838331, 1517.2845567611062, 3334.227940003554, 634.8034773933506, 0.0, 3822.845455921226], [3594.06929989599, 366.78049479935675, 2454.655197728688, 1976.6104857514213, 412.38978773508796, 3504.725408450031, 1726.5648366942607, 425.082626689002, 1724.5882211937694, 615.7355210024731, 1746.0546665825009, 3171.1190068270453, 1677.5752749145447, 2836.7837900266136, 2567.0675762073474, 3090.407526887606, 671.4683926796038, 1401.6580121691527, 976.519709072518, 1592.9926353559447, 2543.769544013644, 937.3851635225225, 3357.797004984193, 3822.845455921226, 0.0]]}